5.0	0.0	2.3166187509223883
5.0	0.05	2.3015427933957504
5.0	0.1	2.280838368426078
5.0	0.15	2.2537620966333876
5.0	0.2	2.219377142633558
5.0	0.25	2.1765177106718663
5.0	0.3	2.1237619280179665
5.0	0.35	2.059430804856562
5.0	0.4	1.9816436837141573
5.0	0.45	1.888472500466154
5.0	0.5	1.7782351690467317
5.0	0.55	1.6499327727290556
5.0	0.6	1.5037606193745567
5.0	0.65	1.3415509787085185
5.0	0.7	1.1670088887785557
5.0	0.75	0.9856862688159627
5.0	0.8	0.804665649044269
5.0	0.85	0.6317005173385262
5.0	0.9	0.47299662928585207
5.0	0.95	0.32788764695599326
5.0	1.0	0.1765763104372624
5.0	1.05	0.013324403581798094
5.0	1.1	6.06784467258592e-5
5.0	1.15	7.651083109294632e-7
5.0	1.2	2.2996481163772842e-8
5.5	0.0	2.644703530226332
5.5	0.05	2.631420527796981
5.5	0.1	2.6122516547424297
5.5	0.15	2.5864128721878323
5.5	0.2	2.5528714604175304
5.5	0.25	2.510280638072
5.5	0.3	2.4569072135869385
5.5	0.35	2.390568797496554
5.5	0.4	2.3086199913087837
5.5	0.45	2.208062021233194
5.5	0.5	2.085881628133368
5.5	0.55	1.9397019007760772
5.5	0.6	1.7686850219484693
5.5	0.65	1.5744034290496334
5.5	0.7	1.3613273249247904
5.5	0.75	1.1368338244634266
5.5	0.8	0.9109234146903837
5.5	0.85	0.6955396436262511
5.5	0.9	0.5021541688055393
5.5	0.95	0.33425467086148686
5.5	1.0	0.1684747062186709
5.5	1.05	0.005901185586886015
5.5	1.1	1.4615114519500594e-5
5.5	1.15	1.4858703778486415e-7
5.5	1.2	3.964448325177727e-9
6.0	0.0	2.9967517838838598
6.0	0.05	2.9850211504849735
6.0	0.1	2.9672868453093826
6.0	0.15	2.942754886455429
6.0	0.2	2.9103429119174793
6.0	0.25	2.868587310983497
6.0	0.3	2.815523235326501
6.0	0.35	2.74854465162218
6.0	0.4	2.6642794221782635
6.0	0.45	2.558574539584294
6.0	0.5	2.426780087871423
6.0	0.55	2.264576491766187
6.0	0.6	2.069412330629458
6.0	0.65	1.8420955005580453
6.0	0.7	1.5876968045654962
6.0	0.75	1.31545261845827
6.0	0.8	1.0383223221559739
6.0	0.85	0.7727403888783648
6.0	0.9	0.5369202847272057
6.0	0.95	0.34142897166381303
6.0	1.0	0.16059397602532144
6.0	1.05	0.002356009381205837
6.0	1.1	3.513519853726166e-6
6.0	1.15	3.0109188031701706e-8
6.0	1.2	7.306901750325778e-10
6.5	0.0	3.3690102964072435
6.5	0.05	3.358596302840657
6.5	0.1	3.342158485197234
6.5	0.15	3.3189137995368556
6.5	0.2	3.287765828339918
6.5	0.25	3.247190101777569
6.5	0.3	3.1950716043472953
6.5	0.35	3.1284859702084127
6.5	0.4	3.04343928057016
6.5	0.45	2.9346552769380345
6.5	0.5	2.7956657656303943
6.5	0.55	2.619685130421324
6.5	0.6	2.4016821196550246
6.5	0.65	2.141115056652154
6.5	0.7	1.843570152597163
6.5	0.75	1.5203069084926888
6.5	0.8	1.187158229570855
6.5	0.85	0.8647083621143956
6.5	0.9	0.5785462989608163
6.5	0.95	0.3497111776506081
6.5	1.0	0.1529455339538508
6.5	1.05	0.0008682796767445211
6.5	1.1	8.555709669622047e-7
6.5	1.15	6.4063030436045665e-9
6.5	1.2	1.4426149164137314e-10
7.0	0.0	3.7581897807814144
7.0	0.05	3.7488816607831623
7.0	0.1	3.733594700805107
7.0	0.15	3.7115690406434694
7.0	0.2	3.681718031495035
7.0	0.25	3.6424980382749537
7.0	0.3	3.591712046471307
7.0	0.35	3.526220027256368
7.0	0.4	3.441538761146795
7.0	0.45	3.3313811968505345
7.0	0.5	3.187408338758253
7.0	0.55	2.99993261604315
7.0	0.6	2.7606182067506992
7.0	0.65	2.4669049157026457
7.0	0.7	2.124940855884013
7.0	0.75	1.7484332141866439
7.0	0.8	1.356086536277676
7.0	0.85	0.9718651611322997
7.0	0.9	0.6281580224678898
7.0	0.95	0.35947775164112983
7.0	1.0	0.14556284399316866
7.0	1.05	0.00030206173968139183
7.0	1.1	2.136037622335607e-7
7.0	1.15	1.4376269064086955e-9
7.0	1.2	3.062439191126032e-11
7.5	0.0	4.161511028169359
7.5	0.05	4.153129557629903
7.5	0.1	4.138856171199226
7.5	0.15	4.11796028859288
7.5	0.2	4.089379318137304
7.5	0.25	4.051578396193897
7.5	0.3	4.002329021556665
7.5	0.35	3.9383609807643936
7.5	0.4	3.8548315904222967
7.5	0.45	3.7445955603508434
7.5	0.5	3.5974954898500435
7.5	0.55	3.400616278885675
7.5	0.6	3.141462396409601
7.5	0.65	2.814692716251116
7.5	0.7	2.4272131083170194
7.5	0.75	1.9959025105987465
7.5	0.8	1.5425171178004966
7.5	0.85	1.09353544515686
7.5	0.9	0.6865525366614449
7.5	0.95	0.37115739750252175
7.5	1.0	0.13848643674623418
7.5	1.05	0.00010136230897472842
7.5	1.1	5.516964307616945e-8
7.5	1.15	3.409894588912721e-10
7.5	1.2	6.892264536872972e-12
8.0	0.0	4.57667173169276
8.0	0.05	4.56906857645345
8.0	0.1	4.555686477607602
8.0	0.15	4.535826352681629
8.0	0.2	4.508457296189719
8.0	0.25	4.472070437450888
8.0	0.3	4.424440283550895
8.0	0.35	4.362231061819118
8.0	0.4	4.280351913135524
8.0	0.45	4.170958526474109
8.0	0.5	4.022195617226494
8.0	0.55	3.8177048612611095
8.0	0.6	3.539971782103951
8.0	0.65	3.180019283232088
8.0	0.7	2.7458687706242912
8.0	0.75	2.2585668468687388
8.0	0.8	1.7432443542956548
8.0	0.85	1.2281450234524343
8.0	0.9	0.754032838848687
8.0	0.95	0.38520133992695804
8.0	1.0	0.13175307518397972
8.0	1.05	3.346244517388186e-5
8.0	1.1	1.4830398242793308e-8
8.0	1.15	8.558487252230407e-11
8.0	1.2	1.6555645743210334e-12
8.5	0.0	5.001782562880967
8.5	0.05	4.994836565000858
8.5	0.1	4.982239957578814
8.5	0.15	4.963325132890985
8.5	0.2	4.937096243990057
8.5	0.25	4.902080164362731
8.5	0.3	4.8560765339264265
8.5	0.35	4.795729864033019
8.5	0.4	4.715789075514788
8.5	0.45	4.607856539361329
8.5	0.5	4.458532589831528
8.5	0.55	4.247892524046865
8.5	0.6	3.9525583038929675
8.5	0.65	3.55898401139995
8.5	0.7	3.0768493279547506
8.5	0.75	2.5325748317405257
8.5	0.8	1.955020878752805
8.5	0.85	1.3736099416298941
8.5	0.9	0.8303517614933966
8.5	0.95	0.4020484040373091
8.5	1.0	0.12538944496459692
8.5	1.05	1.1045388205843665e-5
8.5	1.1	4.16436307659751e-9
8.5	1.15	2.2787105535826413e-11
8.5	1.2	6.323830348264892e-13
9.0	0.0	5.435297883374589
9.0	0.05	5.428910544492876
9.0	0.1	5.417009162541924
9.0	0.15	5.398956391510774
9.0	0.2	5.373792258230207
9.0	0.25	5.34008425891383
9.0	0.3	5.295670533298029
9.0	0.35	5.237206933151404
9.0	0.4	5.159348167514082
9.0	0.45	5.053266703903507
9.0	0.5	4.904178756416989
9.0	0.55	4.688537493564475
9.0	0.6	4.376279303849657
9.0	0.65	3.948304126729937
9.0	0.7	3.416711216519367
9.0	0.75	2.814632033854167
9.0	0.8	2.1749262668533405
9.0	0.85	1.5277286283351543
9.0	0.9	0.9147885554909081
9.0	0.95	0.42208700558811785
9.0	1.0	0.11940981295093422
9.0	1.05	3.6898441209132216e-6
9.0	1.1	1.2233556390128797e-9
9.0	1.15	5.9969806898152456e-12
9.0	1.2	2.2026824808563106e-13
9.5	0.0	5.875952239291678
9.5	0.05	5.8700434363144955
9.5	0.1	5.858760651847539
9.5	0.15	5.841495028047465
9.5	0.2	5.817321827660767
9.5	0.25	5.7848510117714635
9.5	0.3	5.741966702595757
9.5	0.35	5.685356334563567
9.5	0.4	5.60962827751311
9.5	0.45	5.505624752928274
9.5	0.5	5.357328768472325
9.5	0.55	5.137557675516344
9.5	0.6	4.808760862481535
9.5	0.65	4.345277697576158
9.5	0.7	3.7626434649131113
9.5	0.75	3.1020749557999068
9.5	0.8	2.4005299064753487
9.5	0.85	1.6884570392177949
9.5	0.9	1.0063154045397766
9.5	0.95	0.4456179927896855
9.5	1.0	0.11381649975444219
9.5	1.05	1.2579409514046347e-6
9.5	1.1	3.765805445254955e-10
9.5	1.15	1.8403056856186595e-12
9.5	1.2	9.023892744153272e-13
10.0	0.0	6.322706346778912
10.0	0.05	6.317210656490042
10.0	0.1	6.3064814079293745
10.0	0.15	6.289936255874569
10.0	0.2	6.266684290081441
10.0	0.25	6.235377957729947
10.0	0.3	6.193951026603306
10.0	0.35	6.139135184968914
10.0	0.4	6.065526368029033
10.0	0.45	5.96371467799516
10.0	0.5	5.816583543136581
10.0	0.55	5.593321661616947
10.0	0.6	5.248101575627004
10.0	0.65	4.747708873301683
10.0	0.7	4.112416757544324
10.0	0.75	3.3928378299018433
10.0	0.8	2.6299128825976936
10.0	0.85	1.8540462731287803
10.0	0.9	1.1037806359718871
10.0	0.95	0.4728243561207677
10.0	1.0	0.10860191486387549
10.0	1.05	4.399955884082374e-7
10.0	1.1	1.2090595191693865e-10
10.0	1.15	4.973799150320701e-13
10.0	1.2	4.547473508864641e-13
10.5	0.0	6.774702848574361
10.5	0.05	6.769566546114759
10.5	0.1	6.759335415497943
10.5	0.15	6.743451641105559
10.5	0.2	6.72105636698765
10.5	0.25	6.690843501230468
10.5	0.3	6.65079770613176
10.5	0.35	6.597702437190538
10.5	0.4	6.5261647729420105
10.5	0.45	6.426582868531362
10.5	0.5	6.2808544034569
10.5	0.55	6.054551803521612
10.5	0.6	5.692779935675404
10.5	0.65	5.153826474830211
10.5	0.7	4.464305605183384
10.5	0.75	3.6853705728426647
10.5	0.8	2.861615967104953
10.5	0.85	2.0230779090259503
10.5	0.9	1.2060533331535979
10.5	0.95	0.5037544958144053
10.5	1.0	0.10375115024121584
10.5	1.05	1.5838827494008e-7
10.5	1.1	4.069988790433854e-11
10.5	1.15	6.110667527536862e-13
10.5	1.2	4.192202140984591e-13
11.0	0.0	7.2312307694984375
11.0	0.05	7.226409438369423
11.0	0.1	7.216628990827216
11.0	0.15	7.201354249348125
11.0	0.2	7.179756511908293
11.0	0.25	7.150569557457743
11.0	0.3	7.111828705058201
11.0	0.35	7.060373241716075
11.0	0.4	6.990837516688913
11.0	0.45	6.893473633389295
11.0	0.5	6.74928813782731
11.0	0.55	6.520244383822515
11.0	0.6	6.141574379091317
11.0	0.65	5.562209716877248
11.0	0.7	4.817005261511213
11.0	0.75	3.9785429879131797
11.0	0.8	3.0945601668894724
11.0	0.85	2.1944419115199594
11.0	0.9	1.31211074020392
11.0	0.95	0.5383234395428502
11.0	1.0	0.09924449144949676
11.0	1.05	5.8772691602371196e-8
11.0	1.1	1.4722445484949276e-11
11.0	1.15	8.029132914089132e-13
11.0	1.2	7.887024366937112e-13
11.5	0.0	7.6916972252797216
11.5	0.05	7.687153877681813
11.5	0.1	7.677783277749178
11.5	0.15	7.663071130912857
11.5	0.2	7.642216993507793
11.5	0.25	7.613992654277974
11.5	0.3	7.5764829652494114
11.5	0.35	7.526584836526105
11.5	0.4	7.458970717722671
11.5	0.45	7.363781517923677
11.5	0.5	7.2212101037927106
11.5	0.55	6.989606533694975
11.5	0.6	6.593498014036406
11.5	0.65	5.971725505708115
11.5	0.7	5.169553379231765
11.5	0.75	4.271553474378912
11.5	0.8	3.3279655481953085
11.5	0.85	2.367290559088893
11.5	0.9	1.4210761789218012
11.5	0.95	0.5763314817641145
11.5	1.0	0.09505952777762161
11.5	1.05	2.24929124215123e-8
11.5	1.1	5.6559201766503975e-12
11.5	1.15	2.5579538487363607e-13
11.5	1.2	6.252776074688882e-13
12.0	0.0	8.155604981720748
12.0	0.05	8.151308587394755
12.0	0.1	8.142312466420929
12.0	0.15	8.128121603503102
12.0	0.2	8.107961993256067
12.0	0.25	8.080641478066427
12.0	0.3	8.04429281719796
12.0	0.35	7.995870859836327
12.0	0.4	7.930093251641175
12.0	0.45	7.837016169899094
12.0	0.5	7.696081648139419
12.0	0.55	7.46200751400567
12.0	0.6	7.047746979947043
12.0	0.65	6.381477348845571
12.0	0.7	5.521260443149735
12.0	0.75	4.563850177815439
12.0	0.8	3.5612798622764643
12.0	0.85	2.5409877286061686
12.0	0.9	1.5322243048867676
12.0	0.95	0.6174946955599836
12.0	1.0	0.09117276462457369
12.0	1.05	8.878274115886597e-9
12.0	1.1	2.0037305148434825e-12
12.0	1.15	2.8421709430404007e-13
12.0	1.2	9.094947017729282e-13
12.5	0.0	8.622534652150565
12.5	0.05	8.61845898724372
12.5	0.1	8.609806523761819
12.5	0.15	8.596100072764573
12.5	0.2	8.576590357033576
12.5	0.25	8.550119324113563
12.5	0.3	8.514865755978203
12.5	0.35	8.467841816325741
12.5	0.4	8.403814825587936
12.5	0.45	8.312776364480133
12.5	0.5	8.17346840447972
12.5	0.55	7.93694154120773
12.5	0.6	7.503660343322778
12.5	0.65	6.7907641780615435
12.5	0.7	5.871650191461875
12.5	0.75	4.8550667747161285
12.5	0.8	3.7941204746239166
12.5	0.85	2.7150626248887235
12.5	0.9	1.6449689584346885
12.5	0.95	0.6614793633413285
12.5	1.0	0.08756076522972478
12.5	1.05	3.611674515013874e-9
12.5	1.1	6.963318810448982e-13
12.5	1.15	2.5579538487363607e-13
12.5	1.2	7.815970093361102e-13
13.0	0.0	9.092130541764101
13.0	0.05	9.088253285786733
13.0	0.1	9.079917460477475
13.0	0.15	9.066662392616674
13.0	0.2	9.047761946565153
13.0	0.25	9.022090291967679
13.0	0.3	8.987870242172562
13.0	0.35	8.942170067540637
13.0	0.4	8.879809415528126
13.0	0.45	8.790730656881372
13.0	0.5	8.653016671370914
13.0	0.55	8.413999570338476
13.0	0.6	7.96068930707191
13.0	0.65	7.199046981157672
13.0	0.7	6.220409930480827
13.0	0.75	5.144972192301914
13.0	0.8	4.026229218235422
13.0	0.85	2.8891711242176115
13.0	0.9	1.7588439467773043
13.0	0.95	0.7079333225170927
13.0	1.0	0.0842009021335457
13.0	1.05	1.5130865449464181e-9
13.0	1.1	1.6058265828178264e-12
13.0	1.15	1.9895196601282805e-12
13.0	1.2	8.526512829121202e-13
13.5	0.0	9.564089350528032
13.5	0.05	9.560391374844023
13.5	0.1	9.552348366212666
13.5	0.15	9.539514986867072
13.5	0.2	9.521186781539267
13.5	0.25	9.49626835460376
13.5	0.3	9.463024546212196
13.5	0.35	9.418578179534073
13.5	0.4	9.357802612128083
13.5	0.45	9.270602831513415
13.5	0.5	9.134435730773369
13.5	0.55	8.892847892617965
13.5	0.6	8.418373749129792
13.5	0.65	7.605921332192679
13.5	0.7	6.5673500300250325
13.5	0.75	5.43343232911743
13.5	0.8	4.257438269288656
13.5	0.85	3.0630649890587023
13.5	0.9	1.8734826053282347
13.5	0.95	0.7565101703710297
13.5	1.0	0.08107181074004188
13.5	1.05	6.524629725390696e-10
13.5	1.1	2.8279600883251987e-12
13.5	1.15	3.552713678800501e-13
13.5	1.2	9.521272659185342e-13
14.0	0.0	10.03815111702585
14.0	0.05	10.034615921202867
14.0	0.1	10.026844613739474
14.0	0.15	10.014406129522339
14.0	0.2	9.996616353295698
14.0	0.25	9.972408646192505
14.0	0.3	9.940087913421387
14.0	0.35	9.896829788136955
14.0	0.4	9.837561843980769
14.0	0.45	9.75216084083987
14.0	0.5	9.61748452071717
14.0	0.55	9.373211864574984
14.0	0.6	8.876324447801721
14.0	0.65	8.011094323403945
14.0	0.7	6.912371586638393
14.0	0.75	5.720381512485176
14.0	0.8	4.48764480910026
14.0	0.85	3.2365680176005043
14.0	0.9	1.9885989476671568
14.0	0.95	0.8068853118006984
14.0	1.0	0.07815362857859043
14.0	1.05	2.8902036319777835e-10
14.0	1.1	2.7995383788947947e-12
14.0	1.15	1.9610979506978765e-12
14.0	1.2	1.4921397450962104e-12
14.5	0.0	10.514091922823447
14.5	0.05	10.510705185405232
14.5	0.1	10.503186767420079
14.5	0.15	10.491118918415976
14.5	0.2	10.473836636038284
14.5	0.25	10.450300473303376
14.5	0.3	10.418853513868136
14.5	0.35	10.376722372096076
14.5	0.4	10.318888742607264
14.5	0.45	10.235208304436817
14.5	0.5	10.1019615057022
14.5	0.55	9.85486348469692
14.5	0.6	9.33420968419361
14.5	0.65	8.414364842357038
14.5	0.7	7.255441112935905
14.5	0.75	6.005801551209252
14.5	0.8	4.716792420262493
14.5	0.85	3.409557859725794
14.5	0.9	2.103971461367337
14.5	0.95	0.8587648373666781
14.5	1.0	0.07542808801058243
14.5	1.05	1.326299070569803e-10
14.5	1.1	2.1174173525650986e-12
14.5	1.15	6.252776074688882e-13
14.5	1.2	2.3163693185779266e-12
15.0	0.0	10.991717984626668
15.0	0.05	10.988467202812503
15.0	0.1	10.981184835813387
15.0	0.15	10.969465582910006
15.0	0.2	10.952662431689504
15.0	0.25	10.92976167353207
15.0	0.3	10.899142775984778
15.0	0.35	10.858081486973738
15.0	0.4	10.801613120153924
15.0	0.45	10.719577905085984
15.0	0.5	10.58769690723122
15.0	0.55	10.337611853737187
15.0	0.6	9.791745195473197
15.0	0.65	8.815606511529332
15.0	0.7	7.59657109468759
15.0	0.75	6.289706552581265
15.0	0.8	4.944857522455024
15.0	0.85	3.5819522785114657
15.0	0.9	2.2194297115847377
15.0	0.95	0.9118890419690473
15.0	1.0	0.07287851347375351
15.0	1.05	6.17461637375527e-11
15.0	1.1	2.5863755581667647e-12
15.0	1.15	4.689582056016661e-13
15.0	1.2	1.8758328224066645e-12
